&CONTROL
  calculation = 'bands'
  outdir = './outdirs/'
  prefix = 'cscl'
  pseudo_dir = '../../pseudo/'
/
&SYSTEM
  ecutrho =   320
  ecutwfc =   40
  nbnd = 12
  ibrav = 1
  celldm(1) = 7.8243
  nat = 2
  ntyp = 2
/
&ELECTRONS
  conv_thr =   1.0d-6
  electron_maxstep = 80
  mixing_beta =   0.4
/
ATOMIC_SPECIES
Cl     35.453       cl_pbesol_v1.4.uspp.F.UPF
Cs     132.9054519  cs_pbesol_v1.uspp.F.UPF
ATOMIC_POSITIONS crystal
Cs           0.0000000000       0.0000000000       0.0000000000
Cl           0.5000000000       0.5000000000       0.5000000000
K_POINTS crystal
         200
        0.0000000000    0.0000000000    0.0000000000    1.0
        0.0166666667    0.0000000000    0.0000000000    1.0
        0.0333333333    0.0000000000    0.0000000000    1.0
        0.0500000000    0.0000000000    0.0000000000    1.0
        0.0666666667    0.0000000000    0.0000000000    1.0
        0.0833333333    0.0000000000    0.0000000000    1.0
        0.1000000000    0.0000000000    0.0000000000    1.0
        0.1166666667    0.0000000000    0.0000000000    1.0
        0.1333333333    0.0000000000    0.0000000000    1.0
        0.1500000000    0.0000000000    0.0000000000    1.0
        0.1666666667    0.0000000000    0.0000000000    1.0
        0.1833333333    0.0000000000    0.0000000000    1.0
        0.2000000000    0.0000000000    0.0000000000    1.0
        0.2166666667    0.0000000000    0.0000000000    1.0
        0.2333333333    0.0000000000    0.0000000000    1.0
        0.2500000000    0.0000000000    0.0000000000    1.0
        0.2666666667    0.0000000000    0.0000000000    1.0
        0.2833333333    0.0000000000    0.0000000000    1.0
        0.3000000000    0.0000000000    0.0000000000    1.0
        0.3166666667    0.0000000000    0.0000000000    1.0
        0.3333333333    0.0000000000    0.0000000000    1.0
        0.3500000000    0.0000000000    0.0000000000    1.0
        0.3666666667    0.0000000000    0.0000000000    1.0
        0.3833333333    0.0000000000    0.0000000000    1.0
        0.4000000000    0.0000000000    0.0000000000    1.0
        0.4166666667    0.0000000000    0.0000000000    1.0
        0.4333333333    0.0000000000    0.0000000000    1.0
        0.4500000000    0.0000000000    0.0000000000    1.0
        0.4666666667    0.0000000000    0.0000000000    1.0
        0.4833333333    0.0000000000    0.0000000000    1.0
        0.5000000000    0.0000000000    0.0000000000    1.0
        0.5000000000    0.0000000000    0.0166666667    1.0
        0.5000000000    0.0000000000    0.0333333333    1.0
        0.5000000000    0.0000000000    0.0500000000    1.0
        0.5000000000    0.0000000000    0.0666666667    1.0
        0.5000000000    0.0000000000    0.0833333333    1.0
        0.5000000000    0.0000000000    0.1000000000    1.0
        0.5000000000    0.0000000000    0.1166666667    1.0
        0.5000000000    0.0000000000    0.1333333333    1.0
        0.5000000000    0.0000000000    0.1500000000    1.0
        0.5000000000    0.0000000000    0.1666666667    1.0
        0.5000000000    0.0000000000    0.1833333333    1.0
        0.5000000000    0.0000000000    0.2000000000    1.0
        0.5000000000    0.0000000000    0.2166666667    1.0
        0.5000000000    0.0000000000    0.2333333333    1.0
        0.5000000000    0.0000000000    0.2500000000    1.0
        0.5000000000    0.0000000000    0.2666666667    1.0
        0.5000000000    0.0000000000    0.2833333333    1.0
        0.5000000000    0.0000000000    0.3000000000    1.0
        0.5000000000    0.0000000000    0.3166666667    1.0
        0.5000000000    0.0000000000    0.3333333333    1.0
        0.5000000000    0.0000000000    0.3500000000    1.0
        0.5000000000    0.0000000000    0.3666666667    1.0
        0.5000000000    0.0000000000    0.3833333333    1.0
        0.5000000000    0.0000000000    0.4000000000    1.0
        0.5000000000    0.0000000000    0.4166666667    1.0
        0.5000000000    0.0000000000    0.4333333333    1.0
        0.5000000000    0.0000000000    0.4500000000    1.0
        0.5000000000    0.0000000000    0.4666666667    1.0
        0.5000000000    0.0000000000    0.4833333333    1.0
        0.5000000000    0.0000000000    0.5000000000    1.0
        0.4883720930    0.0000000000    0.4883720930    1.0
        0.4767441860    0.0000000000    0.4767441860    1.0
        0.4651162791    0.0000000000    0.4651162791    1.0
        0.4534883721    0.0000000000    0.4534883721    1.0
        0.4418604651    0.0000000000    0.4418604651    1.0
        0.4302325581    0.0000000000    0.4302325581    1.0
        0.4186046512    0.0000000000    0.4186046512    1.0
        0.4069767442    0.0000000000    0.4069767442    1.0
        0.3953488372    0.0000000000    0.3953488372    1.0
        0.3837209302    0.0000000000    0.3837209302    1.0
        0.3720930233    0.0000000000    0.3720930233    1.0
        0.3604651163    0.0000000000    0.3604651163    1.0
        0.3488372093    0.0000000000    0.3488372093    1.0
        0.3372093023    0.0000000000    0.3372093023    1.0
        0.3255813953    0.0000000000    0.3255813953    1.0
        0.3139534884    0.0000000000    0.3139534884    1.0
        0.3023255814    0.0000000000    0.3023255814    1.0
        0.2906976744    0.0000000000    0.2906976744    1.0
        0.2790697674    0.0000000000    0.2790697674    1.0
        0.2674418605    0.0000000000    0.2674418605    1.0
        0.2558139535    0.0000000000    0.2558139535    1.0
        0.2441860465    0.0000000000    0.2441860465    1.0
        0.2325581395    0.0000000000    0.2325581395    1.0
        0.2209302326    0.0000000000    0.2209302326    1.0
        0.2093023256    0.0000000000    0.2093023256    1.0
        0.1976744186    0.0000000000    0.1976744186    1.0
        0.1860465116    0.0000000000    0.1860465116    1.0
        0.1744186047    0.0000000000    0.1744186047    1.0
        0.1627906977    0.0000000000    0.1627906977    1.0
        0.1511627907    0.0000000000    0.1511627907    1.0
        0.1395348837    0.0000000000    0.1395348837    1.0
        0.1279069767    0.0000000000    0.1279069767    1.0
        0.1162790698    0.0000000000    0.1162790698    1.0
        0.1046511628    0.0000000000    0.1046511628    1.0
        0.0930232558    0.0000000000    0.0930232558    1.0
        0.0813953488    0.0000000000    0.0813953488    1.0
        0.0697674419    0.0000000000    0.0697674419    1.0
        0.0581395349    0.0000000000    0.0581395349    1.0
        0.0465116279    0.0000000000    0.0465116279    1.0
        0.0348837209    0.0000000000    0.0348837209    1.0
        0.0232558140    0.0000000000    0.0232558140    1.0
        0.0116279070    0.0000000000    0.0116279070    1.0
        0.0000000000    0.0000000000    0.0000000000    1.0
        0.0094339623    0.0094339623    0.0094339623    1.0
        0.0188679245    0.0188679245    0.0188679245    1.0
        0.0283018868    0.0283018868    0.0283018868    1.0
        0.0377358491    0.0377358491    0.0377358491    1.0
        0.0471698113    0.0471698113    0.0471698113    1.0
        0.0566037736    0.0566037736    0.0566037736    1.0
        0.0660377358    0.0660377358    0.0660377358    1.0
        0.0754716981    0.0754716981    0.0754716981    1.0
        0.0849056604    0.0849056604    0.0849056604    1.0
        0.0943396226    0.0943396226    0.0943396226    1.0
        0.1037735849    0.1037735849    0.1037735849    1.0
        0.1132075472    0.1132075472    0.1132075472    1.0
        0.1226415094    0.1226415094    0.1226415094    1.0
        0.1320754717    0.1320754717    0.1320754717    1.0
        0.1415094340    0.1415094340    0.1415094340    1.0
        0.1509433962    0.1509433962    0.1509433962    1.0
        0.1603773585    0.1603773585    0.1603773585    1.0
        0.1698113208    0.1698113208    0.1698113208    1.0
        0.1792452830    0.1792452830    0.1792452830    1.0
        0.1886792453    0.1886792453    0.1886792453    1.0
        0.1981132075    0.1981132075    0.1981132075    1.0
        0.2075471698    0.2075471698    0.2075471698    1.0
        0.2169811321    0.2169811321    0.2169811321    1.0
        0.2264150943    0.2264150943    0.2264150943    1.0
        0.2358490566    0.2358490566    0.2358490566    1.0
        0.2452830189    0.2452830189    0.2452830189    1.0
        0.2547169811    0.2547169811    0.2547169811    1.0
        0.2641509434    0.2641509434    0.2641509434    1.0
        0.2735849057    0.2735849057    0.2735849057    1.0
        0.2830188679    0.2830188679    0.2830188679    1.0
        0.2924528302    0.2924528302    0.2924528302    1.0
        0.3018867925    0.3018867925    0.3018867925    1.0
        0.3113207547    0.3113207547    0.3113207547    1.0
        0.3207547170    0.3207547170    0.3207547170    1.0
        0.3301886792    0.3301886792    0.3301886792    1.0
        0.3396226415    0.3396226415    0.3396226415    1.0
        0.3490566038    0.3490566038    0.3490566038    1.0
        0.3584905660    0.3584905660    0.3584905660    1.0
        0.3679245283    0.3679245283    0.3679245283    1.0
        0.3773584906    0.3773584906    0.3773584906    1.0
        0.3867924528    0.3867924528    0.3867924528    1.0
        0.3962264151    0.3962264151    0.3962264151    1.0
        0.4056603774    0.4056603774    0.4056603774    1.0
        0.4150943396    0.4150943396    0.4150943396    1.0
        0.4245283019    0.4245283019    0.4245283019    1.0
        0.4339622642    0.4339622642    0.4339622642    1.0
        0.4433962264    0.4433962264    0.4433962264    1.0
        0.4528301887    0.4528301887    0.4528301887    1.0
        0.4622641509    0.4622641509    0.4622641509    1.0
        0.4716981132    0.4716981132    0.4716981132    1.0
        0.4811320755    0.4811320755    0.4811320755    1.0
        0.4905660377    0.4905660377    0.4905660377    1.0
        0.5000000000    0.5000000000    0.5000000000    1.0
        0.5000000000    0.4883720930    0.4883720930    1.0
        0.5000000000    0.4767441860    0.4767441860    1.0
        0.5000000000    0.4651162791    0.4651162791    1.0
        0.5000000000    0.4534883721    0.4534883721    1.0
        0.5000000000    0.4418604651    0.4418604651    1.0
        0.5000000000    0.4302325581    0.4302325581    1.0
        0.5000000000    0.4186046512    0.4186046512    1.0
        0.5000000000    0.4069767442    0.4069767442    1.0
        0.5000000000    0.3953488372    0.3953488372    1.0
        0.5000000000    0.3837209302    0.3837209302    1.0
        0.5000000000    0.3720930233    0.3720930233    1.0
        0.5000000000    0.3604651163    0.3604651163    1.0
        0.5000000000    0.3488372093    0.3488372093    1.0
        0.5000000000    0.3372093023    0.3372093023    1.0
        0.5000000000    0.3255813953    0.3255813953    1.0
        0.5000000000    0.3139534884    0.3139534884    1.0
        0.5000000000    0.3023255814    0.3023255814    1.0
        0.5000000000    0.2906976744    0.2906976744    1.0
        0.5000000000    0.2790697674    0.2790697674    1.0
        0.5000000000    0.2674418605    0.2674418605    1.0
        0.5000000000    0.2558139535    0.2558139535    1.0
        0.5000000000    0.2441860465    0.2441860465    1.0
        0.5000000000    0.2325581395    0.2325581395    1.0
        0.5000000000    0.2209302326    0.2209302326    1.0
        0.5000000000    0.2093023256    0.2093023256    1.0
        0.5000000000    0.1976744186    0.1976744186    1.0
        0.5000000000    0.1860465116    0.1860465116    1.0
        0.5000000000    0.1744186047    0.1744186047    1.0
        0.5000000000    0.1627906977    0.1627906977    1.0
        0.5000000000    0.1511627907    0.1511627907    1.0
        0.5000000000    0.1395348837    0.1395348837    1.0
        0.5000000000    0.1279069767    0.1279069767    1.0
        0.5000000000    0.1162790698    0.1162790698    1.0
        0.5000000000    0.1046511628    0.1046511628    1.0
        0.5000000000    0.0930232558    0.0930232558    1.0
        0.5000000000    0.0813953488    0.0813953488    1.0
        0.5000000000    0.0697674419    0.0697674419    1.0
        0.5000000000    0.0581395349    0.0581395349    1.0
        0.5000000000    0.0465116279    0.0465116279    1.0
        0.5000000000    0.0348837209    0.0348837209    1.0
        0.5000000000    0.0232558140    0.0232558140    1.0
        0.5000000000    0.0116279070    0.0116279070    1.0
        0.5000000000    0.0000000000    0.0000000000    1.0
